To get this result Run the code : attributions_CRP_dog1_result.py

__________________________________________________________________________________________________________________________________________

shape of the image:  torch.Size([1, 3, 224, 224])
--------------modified image----------------------
modified Image saved successfully!
--------------mask image----------------------
masked_image.jpg saved successfully!
layer_names:  ['features.0', 'features.3', 'features.7', 'features.10', 'features.14', 'features.17', 'features.20', 'features.24', 'features.27', 'features.30', 'features.34', 'features.37', 'features.40', 'classifier.0', 'classifier.3', 'classifier.6']
---------------------------------1----------------------------------------------------
-------------------------------------------------------------------------------------
The mask is saved as  mask0.jpg
--------------------------------layer40--------------------------------------------------------
--------------------------------layer40--------------------------------------------------------
-------------------------------2------------------------------------------------------
-------------------------------------------------------------------------------------
layer 40 --len_10_percent_indices 16
layer 40 --10_percent_rel_indices tensor([ 56, 117, 210, 264, 273, 285, 323, 327, 385, 415, 438, 454, 465, 476,
        484, 497], device='cuda:0')
layer 40 --10_percent_rel_data tensor([ 1.4603,  5.2283,  1.8291,  1.8389,  1.2988,  1.0853,  2.3870, 10.7689,
         2.0606,  2.4719,  1.3682,  1.4823,  1.7343,  2.1246,  1.3651,  1.1768],
       device='cuda:0')
layer 40 --indices of top 10% rel_c----:  tensor([327, 117, 415, 323, 476, 385, 264, 210, 465, 454,  56, 438, 484, 273,
        497, 285], device='cuda:0')
layer 40 --top 10% rel_c with percentage----:  tensor([10.7689,  5.2283,  2.4719,  2.3870,  2.1246,  2.0606,  1.8389,  1.8291,
         1.7343,  1.4823,  1.4603,  1.3682,  1.3651,  1.2988,  1.1768,  1.0853],
       device='cuda:0')
layer 40 --concept_ids_list :  [327, 117, 415, 323, 476, 385, 264, 210, 465, 454, 56, 438, 484, 273, 497, 285]
-------------------------------3------------------------------------------------------
-------------------------------------------------------------------------------------
Saved heatmap grid as pixel_features_40.jpg
..................layer -37-----------------------------
..................layer -37-----------------------------
layer 37 --len_10_percent_indices 66
layer 37 --10_percent_rel_indices tensor([  5,   8,  28,  35,  59,  62,  63,  64,  72,  75,  78,  83,  93,  97,
         98, 113, 119, 124, 130, 158, 159, 182, 187, 196, 203, 204, 210, 212,
        214, 219, 227, 236, 247, 266, 268, 279, 289, 317, 318, 324, 325, 327,
        359, 365, 368, 373, 392, 393, 394, 396, 397, 409, 414, 426, 428, 431,
        435, 439, 445, 450, 452, 465, 476, 490, 494, 497], device='cuda:0')
layer 37 --10_percent_rel_data tensor([2.2277, 0.9191, 0.4111, 0.4623, 1.4608, 1.0029, 0.4232, 1.6631, 0.8184,
        2.7919, 3.2096, 1.1228, 0.9411, 1.1828, 0.6442, 0.5244, 1.5132, 0.6526,
        0.6007, 0.4084, 0.5108, 1.0447, 0.8074, 2.7892, 2.7053, 3.6275, 2.0519,
        0.7864, 0.4909, 0.7120, 1.6904, 1.9781, 0.4359, 0.5131, 0.4901, 0.7697,
        0.7759, 0.4932, 1.4421, 0.4034, 0.4626, 0.5967, 1.3118, 0.5010, 0.7707,
        0.4006, 0.4080, 1.0681, 3.1977, 0.9266, 0.5118, 0.4075, 2.8460, 1.9325,
        1.4903, 0.4484, 2.3892, 0.6837, 0.7909, 1.1560, 0.5397, 1.7929, 2.7039,
        1.6021, 0.7931, 1.9177], device='cuda:0')
layer 37 --indices of top 10% rel_c----:  tensor([204,  78, 394, 414,  75, 196, 203, 476, 435,   5, 210, 236, 426, 497,
        465, 227,  64, 490, 119, 428,  59, 318, 359,  97, 450,  83, 393, 182,
         62,  93, 396,   8,  72, 187, 494, 445, 212, 289, 368, 279, 219, 439,
        124,  98, 130, 327, 452, 113, 266, 397, 159, 365, 317, 214, 268, 325,
         35, 431, 247,  63,  28, 158, 392, 409, 324, 373], device='cuda:0')
layer 37 --top 10% rel_c with percentage----:  tensor([3.6275, 3.2096, 3.1977, 2.8460, 2.7919, 2.7892, 2.7053, 2.7039, 2.3892,
        2.2277, 2.0519, 1.9781, 1.9325, 1.9177, 1.7929, 1.6904, 1.6631, 1.6021,
        1.5132, 1.4903, 1.4608, 1.4421, 1.3118, 1.1828, 1.1560, 1.1228, 1.0681,
        1.0447, 1.0029, 0.9411, 0.9266, 0.9191, 0.8184, 0.8074, 0.7931, 0.7909,
        0.7864, 0.7759, 0.7707, 0.7697, 0.7120, 0.6837, 0.6526, 0.6442, 0.6007,
        0.5967, 0.5397, 0.5244, 0.5131, 0.5118, 0.5108, 0.5010, 0.4932, 0.4909,
        0.4901, 0.4626, 0.4623, 0.4484, 0.4359, 0.4232, 0.4111, 0.4084, 0.4080,
        0.4075, 0.4034, 0.4006], device='cuda:0')
layer 37 --concept_ids_list :  [204, 78, 394, 414, 75, 196, 203, 476, 435, 5, 210, 236, 426, 497, 465, 227, 64, 490, 119, 428, 59, 318, 359, 97, 450, 83, 393, 182, 62, 93, 396, 8, 72, 187, 494, 445, 212, 289, 368, 279, 219, 439, 124, 98, 130, 327, 452, 113, 266, 397, 159, 365, 317, 214, 268, 325, 35, 431, 247, 63, 28, 158, 392, 409, 324, 373]
Saved heatmap grid as pixel_features_37.jpg
..................layer -34-----------------------------
..................layer -34-----------------------------
layer 34 --len_10_percent_indices 45
layer 34 --10_percent_rel_indices tensor([  3,   5,  38,  47,  59,  76,  83,  99, 101, 111, 114, 117, 129, 156,
        158, 160, 172, 173, 194, 220, 221, 238, 249, 260, 273, 274, 283, 310,
        340, 344, 350, 380, 392, 406, 414, 418, 425, 438, 443, 451, 456, 457,
        472, 477, 488], device='cuda:0')
layer 34 --10_percent_rel_data tensor([0.6107, 1.7472, 0.7004, 0.8064, 0.8074, 0.6795, 1.8365, 4.9083, 0.5950,
        0.9942, 0.9166, 1.1588, 1.0766, 0.6045, 1.6036, 3.5554, 0.9954, 0.6297,
        0.6126, 0.7710, 0.6209, 1.0937, 5.8800, 0.9925, 0.8082, 2.0936, 1.5710,
        1.1841, 1.4557, 0.9254, 0.9560, 0.9196, 1.8123, 0.8270, 0.5908, 1.0157,
        2.1436, 0.7174, 3.1908, 0.6372, 0.8965, 0.8899, 1.9671, 0.8908, 2.5757],
       device='cuda:0')
layer 34 --indices of top 10% rel_c----:  tensor([249,  99, 160, 443, 488, 425, 274, 472,  83, 392,   5, 158, 283, 340,
        310, 117, 238, 129, 418, 172, 111, 260, 350, 344, 380, 114, 456, 477,
        457, 406, 273,  59,  47, 220, 438,  38,  76, 451, 173, 221, 194,   3,
        156, 101, 414], device='cuda:0')
layer 34 --top 10% rel_c with percentage----:  tensor([5.8800, 4.9083, 3.5554, 3.1908, 2.5757, 2.1436, 2.0936, 1.9671, 1.8365,
        1.8123, 1.7472, 1.6036, 1.5710, 1.4557, 1.1841, 1.1588, 1.0937, 1.0766,
        1.0157, 0.9954, 0.9942, 0.9925, 0.9560, 0.9254, 0.9196, 0.9166, 0.8965,
        0.8908, 0.8899, 0.8270, 0.8082, 0.8074, 0.8064, 0.7710, 0.7174, 0.7004,
        0.6795, 0.6372, 0.6297, 0.6209, 0.6126, 0.6107, 0.6045, 0.5950, 0.5908],
       device='cuda:0')
layer 34 --concept_ids_list :  [249, 99, 160, 443, 488, 425, 274, 472, 83, 392, 5, 158, 283, 340, 310, 117, 238, 129, 418, 172, 111, 260, 350, 344, 380, 114, 456, 477, 457, 406, 273, 59, 47, 220, 438, 38, 76, 451, 173, 221, 194, 3, 156, 101, 414]
Saved heatmap grid as pixel_features_34.jpg
..................layer -30-----------------------------
..................layer -30-----------------------------
layer 30 --len_10_percent_indices 27
layer 30 --10_percent_rel_indices tensor([  0,   6,  47,  78,  91,  95,  96, 102, 118, 132, 143, 151, 191, 193,
        198, 222, 240, 257, 314, 315, 326, 401, 408, 430, 458, 465, 466],
       device='cuda:0')
layer 30 --10_percent_rel_data tensor([0.8351, 0.7408, 0.7891, 0.7427, 3.0347, 1.7800, 0.9192, 0.9212, 0.8988,
        1.0153, 1.4363, 0.8375, 0.9164, 3.2341, 7.2233, 0.7330, 1.3655, 1.6694,
        0.8680, 0.7342, 1.0462, 1.2226, 0.9230, 3.4688, 1.0785, 2.2830, 1.2534],
       device='cuda:0')
layer 30 --indices of top 10% rel_c----:  tensor([198, 430, 193,  91, 465,  95, 257, 143, 240, 466, 401, 458, 326, 132,
        408, 102,  96, 191, 118, 314, 151,   0,  47,  78,   6, 315, 222],
       device='cuda:0')
layer 30 --top 10% rel_c with percentage----:  tensor([7.2233, 3.4688, 3.2341, 3.0347, 2.2830, 1.7800, 1.6694, 1.4363, 1.3655,
        1.2534, 1.2226, 1.0785, 1.0462, 1.0153, 0.9230, 0.9212, 0.9192, 0.9164,
        0.8988, 0.8680, 0.8375, 0.8351, 0.7891, 0.7427, 0.7408, 0.7342, 0.7330],
       device='cuda:0')
layer 30 --concept_ids_list :  [198, 430, 193, 91, 465, 95, 257, 143, 240, 466, 401, 458, 326, 132, 408, 102, 96, 191, 118, 314, 151, 0, 47, 78, 6, 315, 222]
Saved heatmap grid as pixel_features_30.jpg
..................layer -27-----------------------------
..................layer -27-----------------------------
layer 27 --len_10_percent_indices 51
layer 27 --10_percent_rel_indices tensor([ 15,  33,  36,  40,  46,  47,  48,  80,  91, 108, 120, 121, 122, 131,
        132, 136, 138, 150, 184, 185, 198, 201, 208, 212, 236, 241, 246, 251,
        263, 273, 295, 302, 307, 310, 344, 362, 388, 395, 397, 413, 432, 447,
        449, 453, 462, 467, 468, 469, 479, 481, 483], device='cuda:0')
layer 27 --10_percent_rel_data tensor([0.5444, 4.0673, 0.5818, 1.3553, 0.9277, 1.1921, 2.8454, 3.0683, 0.4603,
        0.9538, 0.6562, 0.4754, 4.4780, 0.7841, 1.6973, 0.5469, 0.6761, 0.6969,
        0.4583, 0.6052, 1.1237, 0.4560, 0.9463, 0.8141, 1.0388, 1.2471, 0.6423,
        0.5629, 0.5573, 0.4831, 1.8576, 1.2790, 1.6459, 0.6321, 0.7502, 0.4945,
        1.1225, 2.2430, 0.7187, 1.2164, 1.7309, 0.8341, 2.5175, 0.5166, 0.5582,
        0.6852, 3.1962, 2.2038, 0.5306, 1.1814, 0.5049], device='cuda:0')
layer 27 --indices of top 10% rel_c----:  tensor([122,  33, 468,  80,  48, 449, 395, 469, 295, 432, 132, 307,  40, 302,
        241, 413,  47, 481, 198, 388, 236, 108, 208,  46, 447, 212, 131, 344,
        397, 150, 467, 138, 120, 246, 310, 185,  36, 251, 462, 263, 136,  15,
        479, 453, 483, 362, 273, 121,  91, 184, 201], device='cuda:0')
layer 27 --top 10% rel_c with percentage----:  tensor([4.4780, 4.0673, 3.1962, 3.0683, 2.8454, 2.5175, 2.2430, 2.2038, 1.8576,
        1.7309, 1.6973, 1.6459, 1.3553, 1.2790, 1.2471, 1.2164, 1.1921, 1.1814,
        1.1237, 1.1225, 1.0388, 0.9538, 0.9463, 0.9277, 0.8341, 0.8141, 0.7841,
        0.7502, 0.7187, 0.6969, 0.6852, 0.6761, 0.6562, 0.6423, 0.6321, 0.6052,
        0.5818, 0.5629, 0.5582, 0.5573, 0.5469, 0.5444, 0.5306, 0.5166, 0.5049,
        0.4945, 0.4831, 0.4754, 0.4603, 0.4583, 0.4560], device='cuda:0')
layer 27 --concept_ids_list :  [122, 33, 468, 80, 48, 449, 395, 469, 295, 432, 132, 307, 40, 302, 241, 413, 47, 481, 198, 388, 236, 108, 208, 46, 447, 212, 131, 344, 397, 150, 467, 138, 120, 246, 310, 185, 36, 251, 462, 263, 136, 15, 479, 453, 483, 362, 273, 121, 91, 184, 201]
Saved heatmap grid as pixel_features_27.jpg
..................layer -24-----------------------------
..................layer -24-----------------------------
layer 24 --len_10_percent_indices 21
layer 24 --10_percent_rel_indices tensor([  5,  65, 106, 119, 129, 137, 149, 218, 244, 253, 268, 326, 363, 370,
        379, 385, 389, 412, 467, 468, 476], device='cuda:0')
layer 24 --10_percent_rel_data tensor([4.9531, 1.1820, 0.9685, 1.9999, 1.3645, 1.1671, 1.5188, 0.7883, 0.8082,
        0.7832, 2.8023, 0.9252, 7.3354, 1.0409, 3.5909, 0.8397, 1.2908, 0.9684,
        0.7427, 1.4704, 1.0233], device='cuda:0')
layer 24 --indices of top 10% rel_c----:  tensor([363,   5, 379, 268, 119, 149, 468, 129, 389,  65, 137, 370, 476, 106,
        412, 326, 385, 244, 218, 253, 467], device='cuda:0')
layer 24 --top 10% rel_c with percentage----:  tensor([7.3354, 4.9531, 3.5909, 2.8023, 1.9999, 1.5188, 1.4704, 1.3645, 1.2908,
        1.1820, 1.1671, 1.0409, 1.0233, 0.9685, 0.9684, 0.9252, 0.8397, 0.8082,
        0.7883, 0.7832, 0.7427], device='cuda:0')
layer 24 --concept_ids_list :  [363, 5, 379, 268, 119, 149, 468, 129, 389, 65, 137, 370, 476, 106, 412, 326, 385, 244, 218, 253, 467]
Saved heatmap grid as pixel_features_24.jpg
..................layer -20-----------------------------
..................layer -20-----------------------------
layer 20 --len_10_percent_indices 26
layer 20 --10_percent_rel_indices tensor([  0,  11,  29,  30,  46,  51,  59,  88,  94, 125, 131, 132, 136, 144,
        181, 183, 187, 199, 202, 204, 214, 223, 232, 235, 240, 241],
       device='cuda:0')
layer 20 --10_percent_rel_data tensor([1.4736, 1.4867, 1.1036, 1.2588, 0.8168, 1.4216, 1.5449, 1.7730, 1.0547,
        0.9145, 2.1287, 0.8613, 1.7377, 0.9478, 1.6278, 1.1837, 0.8088, 0.7600,
        0.7886, 2.2129, 1.7424, 1.2189, 7.5639, 4.5355, 0.8424, 1.1293],
       device='cuda:0')
layer 20 --indices of top 10% rel_c----:  tensor([232, 235, 204, 131,  88, 214, 136, 181,  59,  11,   0,  51,  30, 223,
        183, 241,  29,  94, 144, 125, 132, 240,  46, 187, 202, 199],
       device='cuda:0')
layer 20 --top 10% rel_c with percentage----:  tensor([7.5639, 4.5355, 2.2129, 2.1287, 1.7730, 1.7424, 1.7377, 1.6278, 1.5449,
        1.4867, 1.4736, 1.4216, 1.2588, 1.2189, 1.1837, 1.1293, 1.1036, 1.0547,
        0.9478, 0.9145, 0.8613, 0.8424, 0.8168, 0.8088, 0.7886, 0.7600],
       device='cuda:0')
layer 20 --concept_ids_list :  [232, 235, 204, 131, 88, 214, 136, 181, 59, 11, 0, 51, 30, 223, 183, 241, 29, 94, 144, 125, 132, 240, 46, 187, 202, 199]
Saved heatmap grid as pixel_features_20.jpg
..................layer -17-----------------------------
..................layer -17-----------------------------
layer 17 --len_10_percent_indices 110
layer 17 --10_percent_rel_indices tensor([  2,   5,   7,  11,  14,  18,  20,  21,  22,  24,  29,  31,  36,  37,
         38,  39,  41,  44,  48,  49,  51,  58,  60,  61,  65,  67,  68,  69,
         71,  73,  75,  76,  77,  81,  83,  84,  85,  90,  93,  94,  95, 100,
        101, 104, 106, 109, 111, 113, 115, 116, 119, 121, 129, 131, 132, 136,
        139, 140, 142, 143, 144, 145, 146, 148, 149, 152, 158, 159, 160, 162,
        163, 166, 168, 172, 175, 177, 178, 179, 180, 181, 182, 183, 185, 186,
        189, 193, 194, 195, 198, 200, 204, 207, 208, 212, 213, 215, 221, 224,
        225, 226, 227, 231, 236, 238, 241, 243, 248, 250, 251, 255],
       device='cuda:0')
layer 17 --10_percent_rel_data tensor([0.4791, 0.4592, 0.7926, 1.5641, 0.9558, 0.3602, 0.4936, 0.4940, 0.3455,
        0.5495, 0.3648, 0.9815, 0.4625, 0.4625, 0.3814, 1.0799, 0.5592, 0.9131,
        0.4638, 0.4037, 0.4540, 0.6101, 1.2739, 0.6361, 0.3601, 0.4728, 0.8528,
        0.3353, 0.5401, 0.7411, 0.4781, 0.8484, 0.6039, 0.9199, 0.3423, 1.2116,
        0.5467, 1.6486, 0.5747, 0.7727, 0.4476, 0.4067, 0.4166, 2.2221, 0.3618,
        0.4662, 0.3890, 0.4037, 0.4081, 0.6102, 0.6992, 0.4902, 0.3722, 0.3491,
        0.8747, 3.3282, 0.6668, 1.0178, 0.3788, 0.4646, 0.7210, 0.6084, 0.5014,
        0.4721, 0.3745, 0.8244, 0.4761, 0.4542, 0.6722, 1.4086, 0.5684, 1.1624,
        0.4299, 0.6312, 0.3599, 0.9341, 0.6072, 0.4167, 0.3570, 0.3482, 0.8488,
        1.2282, 0.4443, 1.0079, 0.9309, 0.6262, 0.5112, 0.4045, 1.9034, 0.6024,
        0.3579, 1.2352, 1.4676, 0.4733, 0.5107, 0.8596, 0.3378, 0.6231, 1.1351,
        1.2167, 0.7037, 0.6046, 0.6039, 0.8161, 0.5604, 0.4227, 0.4123, 0.5004,
        0.6238, 0.8691], device='cuda:0')
layer 17 --indices of top 10% rel_c----:  tensor([136, 104, 198,  90,  11, 208, 162,  60, 207, 183, 226,  84, 166, 225,
         39, 140, 186,  31,  14, 177, 189,  81,  44, 132, 255, 215,  68, 182,
         76, 152, 238,   7,  94,  73, 144, 227, 119, 160, 139,  61, 172, 193,
        251, 224, 116,  58, 145, 178, 231, 236,  77, 200,  93, 163, 241,  41,
         24,  85,  71, 194, 213, 146, 250,  21,  20, 121,   2,  75, 158, 212,
         67, 148, 109, 143,  48,  36,  37,   5, 159,  51,  95, 185, 168, 243,
        179, 101, 248, 115, 100, 195, 113,  49, 111,  38, 142, 149, 129,  29,
        106,  18,  65, 175, 204, 180, 131, 181,  22,  83, 221,  69],
       device='cuda:0')
layer 17 --top 10% rel_c with percentage----:  tensor([3.3282, 2.2221, 1.9034, 1.6486, 1.5641, 1.4676, 1.4086, 1.2739, 1.2352,
        1.2282, 1.2167, 1.2116, 1.1624, 1.1351, 1.0799, 1.0178, 1.0079, 0.9815,
        0.9558, 0.9341, 0.9309, 0.9199, 0.9131, 0.8747, 0.8691, 0.8596, 0.8528,
        0.8488, 0.8484, 0.8244, 0.8161, 0.7926, 0.7727, 0.7411, 0.7210, 0.7037,
        0.6992, 0.6722, 0.6668, 0.6361, 0.6312, 0.6262, 0.6238, 0.6231, 0.6102,
        0.6101, 0.6084, 0.6072, 0.6046, 0.6039, 0.6039, 0.6024, 0.5747, 0.5684,
        0.5604, 0.5592, 0.5495, 0.5467, 0.5401, 0.5112, 0.5107, 0.5014, 0.5004,
        0.4940, 0.4936, 0.4902, 0.4791, 0.4781, 0.4761, 0.4733, 0.4728, 0.4721,
        0.4662, 0.4646, 0.4638, 0.4625, 0.4625, 0.4592, 0.4542, 0.4540, 0.4476,
        0.4443, 0.4299, 0.4227, 0.4167, 0.4166, 0.4123, 0.4081, 0.4067, 0.4045,
        0.4037, 0.4037, 0.3890, 0.3814, 0.3788, 0.3745, 0.3722, 0.3648, 0.3618,
        0.3602, 0.3601, 0.3599, 0.3579, 0.3570, 0.3491, 0.3482, 0.3455, 0.3423,
        0.3378, 0.3353], device='cuda:0')
layer 17 --concept_ids_list :  [136, 104, 198, 90, 11, 208, 162, 60, 207, 183, 226, 84, 166, 225, 39, 140, 186, 31, 14, 177, 189, 81, 44, 132, 255, 215, 68, 182, 76, 152, 238, 7, 94, 73, 144, 227, 119, 160, 139, 61, 172, 193, 251, 224, 116, 58, 145, 178, 231, 236, 77, 200, 93, 163, 241, 41, 24, 85, 71, 194, 213, 146, 250, 21, 20, 121, 2, 75, 158, 212, 67, 148, 109, 143, 48, 36, 37, 5, 159, 51, 95, 185, 168, 243, 179, 101, 248, 115, 100, 195, 113, 49, 111, 38, 142, 149, 129, 29, 106, 18, 65, 175, 204, 180, 131, 181, 22, 83, 221, 69]
Saved heatmap grid as pixel_features_17.jpg
..................layer -14-----------------------------
..................layer -14-----------------------------
layer 14 --len_10_percent_indices 160
layer 14 --10_percent_rel_indices tensor([  0,   1,   2,   3,   4,   5,   7,  10,  11,  12,  13,  15,  16,  19,
         20,  21,  22,  23,  24,  30,  31,  32,  33,  34,  35,  36,  39,  40,
         41,  43,  46,  49,  50,  51,  53,  56,  57,  58,  60,  61,  62,  63,
         64,  65,  66,  67,  69,  70,  71,  75,  78,  79,  80,  84,  85,  87,
         88,  91,  95,  96,  97,  98,  99, 100, 101, 102, 103, 104, 105, 107,
        114, 115, 117, 118, 120, 121, 122, 127, 128, 131, 132, 135, 136, 138,
        139, 144, 145, 146, 147, 150, 151, 153, 154, 155, 158, 159, 160, 161,
        164, 165, 166, 167, 169, 171, 172, 174, 175, 177, 178, 179, 180, 182,
        183, 184, 185, 186, 187, 188, 191, 192, 193, 194, 195, 196, 199, 201,
        205, 206, 208, 209, 210, 212, 213, 215, 216, 218, 219, 222, 223, 224,
        225, 226, 227, 229, 230, 231, 232, 233, 235, 236, 238, 241, 243, 244,
        246, 247, 249, 250, 252, 253], device='cuda:0')
layer 14 --10_percent_rel_data tensor([0.3393, 0.5914, 0.4099, 0.3565, 0.2096, 0.5875, 0.3321, 0.5690, 0.9274,
        0.7747, 1.1931, 0.4236, 0.4766, 0.4901, 0.3428, 1.2863, 0.8448, 0.4219,
        0.7829, 0.4629, 0.7816, 0.2298, 0.4261, 0.5142, 0.7620, 1.1939, 0.5771,
        0.2543, 0.4160, 0.4802, 1.9880, 0.4945, 0.8607, 1.1080, 0.9399, 0.8046,
        1.2574, 0.2259, 0.3768, 0.4712, 0.4022, 0.2691, 0.2663, 0.2713, 0.3059,
        1.0376, 0.3893, 0.9313, 0.2611, 0.9372, 1.1597, 0.6962, 0.2415, 0.5026,
        0.3462, 0.4609, 0.3992, 0.6795, 0.6607, 0.3631, 0.2969, 0.4588, 0.4142,
        0.9803, 0.5068, 0.3336, 0.2444, 0.8206, 0.3190, 0.2321, 0.2515, 1.5932,
        0.3031, 0.9659, 0.8228, 0.2098, 0.4903, 0.8974, 0.5816, 0.7022, 0.2426,
        0.6944, 0.4900, 0.4126, 1.8289, 0.2243, 0.2722, 0.6340, 0.3252, 0.4335,
        0.3133, 0.3049, 0.6238, 0.9679, 0.6366, 1.3185, 0.5903, 0.2723, 0.4174,
        0.2072, 0.6630, 0.8114, 0.2450, 0.2621, 0.5777, 0.2514, 0.3462, 0.2353,
        0.4734, 1.2890, 0.7760, 0.6503, 0.5930, 0.2078, 0.2921, 0.3380, 0.6137,
        0.2903, 0.7351, 1.2145, 0.6414, 0.5207, 0.2064, 0.4688, 0.5552, 1.3914,
        0.2996, 0.3209, 0.5116, 0.2825, 1.8653, 0.2085, 0.7799, 0.3963, 0.4087,
        0.2587, 0.2099, 0.6680, 0.3382, 0.2411, 0.9681, 0.4794, 0.2251, 0.5951,
        0.6867, 0.4410, 0.8624, 0.3812, 0.2193, 0.3615, 0.2703, 0.8875, 0.3751,
        0.8453, 1.2289, 0.4292, 0.3999, 1.6806, 0.3471, 0.6541],
       device='cuda:0')
layer 14 --indices of top 10% rel_c----:  tensor([ 46, 210, 139, 250, 115, 201, 159, 179,  21,  57, 246, 192,  36,  13,
         78,  51,  67, 100, 225, 155, 118,  53,  75,  70,  11, 127, 241, 232,
         50, 244,  22, 120, 104, 167,  56,  24,  31, 213, 180,  12,  35, 191,
        131,  79, 135, 230,  91, 222, 166,  95, 253, 182, 193, 158, 146, 154,
        187, 229, 183,   1, 160,   5, 128, 172,  39,  10, 199, 194,  34, 208,
        101,  84,  49, 122,  19, 136,  43, 226,  16, 178,  61, 196,  30,  87,
         98, 231, 150, 247,  33,  15,  23, 164,  41,  99, 138,   2, 216,  62,
        249,  88, 215,  69, 233,  60, 243,  96, 236,   3, 252,  85, 175,  20,
          0, 223, 186, 102,   7, 147, 206, 105, 151,  66, 153, 117, 205,  97,
        185, 188, 209, 161, 145,  65, 238,  63,  64, 171,  71, 218,  40, 114,
        174, 169, 103, 132,  80, 224, 177, 107,  32,  58, 227, 144, 235, 219,
        121,   4, 212, 184, 165, 195], device='cuda:0')
layer 14 --top 10% rel_c with percentage----:  tensor([1.9880, 1.8653, 1.8289, 1.6806, 1.5932, 1.3914, 1.3185, 1.2890, 1.2863,
        1.2574, 1.2289, 1.2145, 1.1939, 1.1931, 1.1597, 1.1080, 1.0376, 0.9803,
        0.9681, 0.9679, 0.9659, 0.9399, 0.9372, 0.9313, 0.9274, 0.8974, 0.8875,
        0.8624, 0.8607, 0.8453, 0.8448, 0.8228, 0.8206, 0.8114, 0.8046, 0.7829,
        0.7816, 0.7799, 0.7760, 0.7747, 0.7620, 0.7351, 0.7022, 0.6962, 0.6944,
        0.6867, 0.6795, 0.6680, 0.6630, 0.6607, 0.6541, 0.6503, 0.6414, 0.6366,
        0.6340, 0.6238, 0.6137, 0.5951, 0.5930, 0.5914, 0.5903, 0.5875, 0.5816,
        0.5777, 0.5771, 0.5690, 0.5552, 0.5207, 0.5142, 0.5116, 0.5068, 0.5026,
        0.4945, 0.4903, 0.4901, 0.4900, 0.4802, 0.4794, 0.4766, 0.4734, 0.4712,
        0.4688, 0.4629, 0.4609, 0.4588, 0.4410, 0.4335, 0.4292, 0.4261, 0.4236,
        0.4219, 0.4174, 0.4160, 0.4142, 0.4126, 0.4099, 0.4087, 0.4022, 0.3999,
        0.3992, 0.3963, 0.3893, 0.3812, 0.3768, 0.3751, 0.3631, 0.3615, 0.3565,
        0.3471, 0.3462, 0.3462, 0.3428, 0.3393, 0.3382, 0.3380, 0.3336, 0.3321,
        0.3252, 0.3209, 0.3190, 0.3133, 0.3059, 0.3049, 0.3031, 0.2996, 0.2969,
        0.2921, 0.2903, 0.2825, 0.2723, 0.2722, 0.2713, 0.2703, 0.2691, 0.2663,
        0.2621, 0.2611, 0.2587, 0.2543, 0.2515, 0.2514, 0.2450, 0.2444, 0.2426,
        0.2415, 0.2411, 0.2353, 0.2321, 0.2298, 0.2259, 0.2251, 0.2243, 0.2193,
        0.2099, 0.2098, 0.2096, 0.2085, 0.2078, 0.2072, 0.2064],
       device='cuda:0')
layer 14 --concept_ids_list :  [46, 210, 139, 250, 115, 201, 159, 179, 21, 57, 246, 192, 36, 13, 78, 51, 67, 100, 225, 155, 118, 53, 75, 70, 11, 127, 241, 232, 50, 244, 22, 120, 104, 167, 56, 24, 31, 213, 180, 12, 35, 191, 131, 79, 135, 230, 91, 222, 166, 95, 253, 182, 193, 158, 146, 154, 187, 229, 183, 1, 160, 5, 128, 172, 39, 10, 199, 194, 34, 208, 101, 84, 49, 122, 19, 136, 43, 226, 16, 178, 61, 196, 30, 87, 98, 231, 150, 247, 33, 15, 23, 164, 41, 99, 138, 2, 216, 62, 249, 88, 215, 69, 233, 60, 243, 96, 236, 3, 252, 85, 175, 20, 0, 223, 186, 102, 7, 147, 206, 105, 151, 66, 153, 117, 205, 97, 185, 188, 209, 161, 145, 65, 238, 63, 64, 171, 71, 218, 40, 114, 174, 169, 103, 132, 80, 224, 177, 107, 32, 58, 227, 144, 235, 219, 121, 4, 212, 184, 165, 195]
Saved heatmap grid as pixel_features_14.jpg
..................layer -10-----------------------------
..................layer -10-----------------------------
layer 10 --len_10_percent_indices 118
layer 10 --10_percent_rel_indices tensor([  1,   2,   3,   4,   5,   6,   7,   9,  10,  11,  12,  13,  14,  15,
         17,  18,  19,  20,  21,  22,  23,  24,  25,  26,  27,  28,  29,  30,
         31,  32,  33,  34,  35,  36,  37,  38,  39,  40,  41,  42,  43,  44,
         45,  46,  47,  48,  49,  50,  51,  52,  53,  54,  55,  56,  59,  60,
         61,  62,  63,  64,  65,  66,  67,  68,  69,  70,  71,  72,  73,  74,
         75,  76,  77,  78,  79,  81,  82,  83,  84,  85,  86,  87,  88,  90,
         91,  92,  93,  94,  95,  96,  97,  98,  99, 100, 101, 102, 103, 104,
        106, 107, 108, 109, 110, 111, 112, 113, 114, 115, 116, 117, 118, 120,
        121, 122, 124, 125, 126, 127], device='cuda:0')
layer 10 --10_percent_rel_data tensor([1.2262, 0.6560, 1.0617, 0.4995, 0.6912, 0.4309, 1.4036, 0.8661, 1.1162,
        1.1395, 0.4336, 1.1488, 0.7233, 0.8563, 0.4822, 0.4022, 0.4034, 0.8442,
        0.7719, 1.3201, 0.7693, 0.7662, 0.7831, 1.2635, 0.7890, 1.0229, 0.8742,
        0.7134, 1.1250, 0.7842, 0.3176, 1.9046, 0.3252, 0.9512, 1.0018, 0.3054,
        0.9259, 0.7530, 0.7866, 0.9243, 2.3479, 0.4776, 0.8843, 0.9316, 0.9275,
        1.0657, 0.5831, 0.4608, 0.9833, 1.0435, 0.5909, 1.9179, 0.9765, 0.7538,
        0.6932, 0.9339, 0.6970, 0.5661, 0.4630, 0.4994, 0.4914, 1.6001, 0.9051,
        1.1145, 0.5621, 0.5949, 0.6415, 0.6847, 0.2591, 0.6422, 0.5265, 0.8008,
        0.6985, 1.1458, 0.8887, 0.6483, 0.8641, 0.8098, 0.6644, 0.3282, 0.7254,
        0.6086, 1.6705, 0.7710, 0.3637, 0.3773, 1.0033, 0.3400, 0.6462, 1.9686,
        0.4411, 0.4729, 0.8015, 0.9646, 1.0821, 1.5887, 1.2297, 0.5732, 1.0900,
        1.6268, 0.5622, 0.7597, 1.0172, 0.7129, 0.9082, 1.4132, 0.8136, 0.9548,
        0.5134, 0.6834, 0.5350, 0.7117, 0.6459, 1.2228, 1.0562, 0.7452, 0.4269,
        0.7947], device='cuda:0')
layer 10 --indices of top 10% rel_c----:  tensor([ 43,  96,  54,  34,  88, 107,  66, 102, 113,   7,  22,  26, 103,   1,
        122,  13,  78,  11,  31,  10,  68, 106, 101,  48,   3, 124,  52,  28,
        110,  93,  37,  51,  55, 100, 115,  36,  60,  46,  47,  39,  42, 112,
         67,  79,  45,  29,   9,  82,  15,  20, 114,  83,  99,  76, 127,  27,
         41,  32,  25,  21,  90,  23,  24, 109,  56,  40, 125,  86,  14,  30,
        111, 120,  77,  61,  59,   5,  72, 117,  84,   2,  81,  95, 121,  74,
         71,  87,  70,  53,  49, 104,  62, 108,  69, 118,  75, 116,   4,  64,
         65,  17,  44,  98,  63,  50,  97,  12,   6, 126,  19,  18,  92,  91,
         94,  85,  35,  33,  38,  73], device='cuda:0')
layer 10 --top 10% rel_c with percentage----:  tensor([2.3479, 1.9686, 1.9179, 1.9046, 1.6705, 1.6268, 1.6001, 1.5887, 1.4132,
        1.4036, 1.3201, 1.2635, 1.2297, 1.2262, 1.2228, 1.1488, 1.1458, 1.1395,
        1.1250, 1.1162, 1.1145, 1.0900, 1.0821, 1.0657, 1.0617, 1.0562, 1.0435,
        1.0229, 1.0172, 1.0033, 1.0018, 0.9833, 0.9765, 0.9646, 0.9548, 0.9512,
        0.9339, 0.9316, 0.9275, 0.9259, 0.9243, 0.9082, 0.9051, 0.8887, 0.8843,
        0.8742, 0.8661, 0.8641, 0.8563, 0.8442, 0.8136, 0.8098, 0.8015, 0.8008,
        0.7947, 0.7890, 0.7866, 0.7842, 0.7831, 0.7719, 0.7710, 0.7693, 0.7662,
        0.7597, 0.7538, 0.7530, 0.7452, 0.7254, 0.7233, 0.7134, 0.7129, 0.7117,
        0.6985, 0.6970, 0.6932, 0.6912, 0.6847, 0.6834, 0.6644, 0.6560, 0.6483,
        0.6462, 0.6459, 0.6422, 0.6415, 0.6086, 0.5949, 0.5909, 0.5831, 0.5732,
        0.5661, 0.5622, 0.5621, 0.5350, 0.5265, 0.5134, 0.4995, 0.4994, 0.4914,
        0.4822, 0.4776, 0.4729, 0.4630, 0.4608, 0.4411, 0.4336, 0.4309, 0.4269,
        0.4034, 0.4022, 0.3773, 0.3637, 0.3400, 0.3282, 0.3252, 0.3176, 0.3054,
        0.2591], device='cuda:0')
layer 10 --concept_ids_list :  [43, 96, 54, 34, 88, 107, 66, 102, 113, 7, 22, 26, 103, 1, 122, 13, 78, 11, 31, 10, 68, 106, 101, 48, 3, 124, 52, 28, 110, 93, 37, 51, 55, 100, 115, 36, 60, 46, 47, 39, 42, 112, 67, 79, 45, 29, 9, 82, 15, 20, 114, 83, 99, 76, 127, 27, 41, 32, 25, 21, 90, 23, 24, 109, 56, 40, 125, 86, 14, 30, 111, 120, 77, 61, 59, 5, 72, 117, 84, 2, 81, 95, 121, 74, 71, 87, 70, 53, 49, 104, 62, 108, 69, 118, 75, 116, 4, 64, 65, 17, 44, 98, 63, 50, 97, 12, 6, 126, 19, 18, 92, 91, 94, 85, 35, 33, 38, 73]
Saved heatmap grid as pixel_features_10.jpg
..................layer -7-----------------------------
..................layer -7-----------------------------
layer 7 --len_10_percent_indices 85
layer 7 --10_percent_rel_indices tensor([  0,   1,   3,   4,   5,   7,   8,  12,  16,  17,  18,  19,  21,  22,
         23,  27,  31,  32,  33,  34,  35,  36,  37,  39,  41,  44,  46,  47,
         50,  54,  56,  57,  58,  59,  60,  61,  62,  63,  64,  65,  67,  68,
         69,  70,  72,  73,  74,  78,  79,  81,  82,  83,  87,  88,  89,  90,
         91,  94,  95,  96,  97,  98,  99, 100, 101, 103, 104, 105, 107, 109,
        110, 112, 113, 114, 116, 117, 118, 119, 120, 121, 123, 124, 125, 126,
        127], device='cuda:0')
layer 7 --10_percent_rel_data tensor([0.6327, 0.8976, 0.5301, 0.5097, 2.6979, 1.3863, 1.8934, 0.8103, 1.5497,
        2.1480, 0.7232, 1.5813, 1.6297, 0.7008, 0.7546, 0.8948, 1.8425, 1.0240,
        0.5353, 0.4950, 1.3762, 1.8192, 0.7380, 0.4707, 1.4583, 1.7278, 2.6694,
        0.8276, 0.6934, 0.4312, 0.8359, 1.6045, 1.0359, 0.4815, 1.7928, 1.2248,
        0.5739, 2.6122, 0.5288, 1.2083, 1.7327, 1.4851, 2.4013, 0.9169, 1.6725,
        1.0878, 0.5461, 1.1770, 0.6388, 2.2537, 0.6009, 0.7332, 0.6307, 0.9434,
        0.8763, 0.6185, 0.5897, 1.9211, 0.9696, 0.7524, 1.2348, 0.4067, 0.4526,
        1.3757, 1.2609, 1.4447, 0.7911, 1.5911, 1.0708, 0.5289, 0.7587, 1.0895,
        2.0346, 0.7023, 0.7076, 1.4259, 1.1190, 1.0525, 0.7865, 0.3938, 0.7984,
        0.4275, 1.2931, 0.7066, 3.4258], device='cuda:0')
layer 7 --indices of top 10% rel_c----:  tensor([127,   5,  46,  63,  69,  81,  17, 113,  94,   8,  31,  36,  60,  67,
         44,  72,  21,  57, 105,  19,  16,  68,  41, 103, 117,   7,  35, 100,
        125, 101,  97,  61,  65,  78, 118, 112,  73, 107, 119,  58,  32,  95,
         88,  70,   1,  27,  89,  56,  47,  12, 123, 104, 120, 110,  23,  96,
         37,  83,  18, 116, 126, 114,  22,  50,  79,   0,  87,  90,  82,  91,
         62,  74,  33,   3, 109,  64,   4,  34,  59,  39,  99,  54, 124,  98,
        121], device='cuda:0')
layer 7 --top 10% rel_c with percentage----:  tensor([3.4258, 2.6979, 2.6694, 2.6122, 2.4013, 2.2537, 2.1480, 2.0346, 1.9211,
        1.8934, 1.8425, 1.8192, 1.7928, 1.7327, 1.7278, 1.6725, 1.6297, 1.6045,
        1.5911, 1.5813, 1.5497, 1.4851, 1.4583, 1.4447, 1.4259, 1.3863, 1.3762,
        1.3757, 1.2931, 1.2609, 1.2348, 1.2248, 1.2083, 1.1770, 1.1190, 1.0895,
        1.0878, 1.0708, 1.0525, 1.0359, 1.0240, 0.9696, 0.9434, 0.9169, 0.8976,
        0.8948, 0.8763, 0.8359, 0.8276, 0.8103, 0.7984, 0.7911, 0.7865, 0.7587,
        0.7546, 0.7524, 0.7380, 0.7332, 0.7232, 0.7076, 0.7066, 0.7023, 0.7008,
        0.6934, 0.6388, 0.6327, 0.6307, 0.6185, 0.6009, 0.5897, 0.5739, 0.5461,
        0.5353, 0.5301, 0.5289, 0.5288, 0.5097, 0.4950, 0.4815, 0.4707, 0.4526,
        0.4312, 0.4275, 0.4067, 0.3938], device='cuda:0')
layer 7 --concept_ids_list :  [127, 5, 46, 63, 69, 81, 17, 113, 94, 8, 31, 36, 60, 67, 44, 72, 21, 57, 105, 19, 16, 68, 41, 103, 117, 7, 35, 100, 125, 101, 97, 61, 65, 78, 118, 112, 73, 107, 119, 58, 32, 95, 88, 70, 1, 27, 89, 56, 47, 12, 123, 104, 120, 110, 23, 96, 37, 83, 18, 116, 126, 114, 22, 50, 79, 0, 87, 90, 82, 91, 62, 74, 33, 3, 109, 64, 4, 34, 59, 39, 99, 54, 124, 98, 121]
Saved heatmap grid as pixel_features_7.jpg
..................layer -3-----------------------------
..................layer -3-----------------------------
layer 3 --len_10_percent_indices 50
layer 3 --10_percent_rel_indices tensor([ 1,  2,  3,  4,  5,  6,  7,  8,  9, 10, 11, 13, 14, 15, 16, 18, 19, 20,
        21, 22, 23, 24, 25, 26, 27, 28, 29, 31, 32, 33, 35, 37, 38, 39, 40, 41,
        42, 45, 47, 48, 49, 51, 53, 54, 56, 58, 59, 60, 62, 63],
       device='cuda:0')
layer 3 --10_percent_rel_data tensor([1.2261, 0.5798, 1.3887, 2.7138, 5.4116, 0.7470, 3.5010, 2.3720, 0.7323,
        1.4640, 2.0644, 3.2428, 2.1646, 0.9600, 5.4874, 2.6899, 1.0007, 2.6873,
        0.6386, 2.2017, 1.8455, 2.0977, 1.9361, 2.7382, 5.3854, 0.5815, 1.5221,
        1.6112, 1.4179, 1.1900, 2.3971, 0.9068, 1.5768, 2.5633, 0.9454, 2.4099,
        1.3909, 0.9774, 0.7469, 1.1039, 0.6827, 1.9224, 1.7855, 1.4718, 1.7706,
        1.5900, 2.1992, 2.1843, 2.1124, 2.7560], device='cuda:0')
layer 3 --indices of top 10% rel_c----:  tensor([16,  5, 27,  7, 13, 63, 26,  4, 18, 20, 39, 41, 35,  8, 22, 59, 60, 14,
        62, 24, 11, 25, 51, 23, 53, 56, 31, 58, 38, 29, 54, 10, 32, 42,  3,  1,
        33, 48, 19, 45, 15, 40, 37,  6, 47,  9, 49, 21, 28,  2],
       device='cuda:0')
layer 3 --top 10% rel_c with percentage----:  tensor([5.4874, 5.4116, 5.3854, 3.5010, 3.2428, 2.7560, 2.7382, 2.7138, 2.6899,
        2.6873, 2.5633, 2.4099, 2.3971, 2.3720, 2.2017, 2.1992, 2.1843, 2.1646,
        2.1124, 2.0977, 2.0644, 1.9361, 1.9224, 1.8455, 1.7855, 1.7706, 1.6112,
        1.5900, 1.5768, 1.5221, 1.4718, 1.4640, 1.4179, 1.3909, 1.3887, 1.2261,
        1.1900, 1.1039, 1.0007, 0.9774, 0.9600, 0.9454, 0.9068, 0.7470, 0.7469,
        0.7323, 0.6827, 0.6386, 0.5815, 0.5798], device='cuda:0')
layer 3 --concept_ids_list :  [16, 5, 27, 7, 13, 63, 26, 4, 18, 20, 39, 41, 35, 8, 22, 59, 60, 14, 62, 24, 11, 25, 51, 23, 53, 56, 31, 58, 38, 29, 54, 10, 32, 42, 3, 1, 33, 48, 19, 45, 15, 40, 37, 6, 47, 9, 49, 21, 28, 2]
Saved heatmap grid as pixel_features_3.jpg
..................layer -0-----------------------------
..................layer -0-----------------------------
layer 0 --len_10_percent_indices 13
layer 0 --10_percent_rel_indices tensor([12, 15, 16, 18, 23, 27, 28, 30, 33, 38, 41, 48, 63], device='cuda:0')
layer 0 --10_percent_rel_data tensor([ 7.7870,  9.3810,  1.7882, 10.3099,  9.1532,  2.0802, 14.8986,  6.5780,
         5.6141,  6.3597,  6.8323,  7.7701,  4.5477], device='cuda:0')
layer 0 --indices of top 10% rel_c----:  tensor([28, 18, 15, 23, 12, 48, 41, 30, 38, 33, 63, 27, 16], device='cuda:0')
layer 0 --top 10% rel_c with percentage----:  tensor([14.8986, 10.3099,  9.3810,  9.1532,  7.7870,  7.7701,  6.8323,  6.5780,
         6.3597,  5.6141,  4.5477,  2.0802,  1.7882], device='cuda:0')
layer 0 --concept_ids_list :  [28, 18, 15, 23, 12, 48, 41, 30, 38, 33, 63, 27, 16]
Saved heatmap grid as pixel_features_0.jpg
--------------------------final heat map image------------------------------
conditions for final heat map image:  [{'features.40': [327, 117, 415, 323, 476, 385, 264, 210, 465, 454, 56, 438, 484, 273, 497, 285], 'features.37': [204, 78, 394, 414, 75, 196, 203, 476, 435, 5, 210, 236, 426, 497, 465, 227, 64, 490, 119, 428, 59, 318, 359, 97, 450, 83, 393, 182, 62, 93, 396, 8, 72, 187, 494, 445, 212, 289, 368, 279, 219, 439, 124, 98, 130, 327, 452, 113, 266, 397, 159, 365, 317, 214, 268, 325, 35, 431, 247, 63, 28, 158, 392, 409, 324, 373], 'features.34': [249, 99, 160, 443, 488, 425, 274, 472, 83, 392, 5, 158, 283, 340, 310, 117, 238, 129, 418, 172, 111, 260, 350, 344, 380, 114, 456, 477, 457, 406, 273, 59, 47, 220, 438, 38, 76, 451, 173, 221, 194, 3, 156, 101, 414], 'features.30': [198, 430, 193, 91, 465, 95, 257, 143, 240, 466, 401, 458, 326, 132, 408, 102, 96, 191, 118, 314, 151, 0, 47, 78, 6, 315, 222], 'features.27': [122, 33, 468, 80, 48, 449, 395, 469, 295, 432, 132, 307, 40, 302, 241, 413, 47, 481, 198, 388, 236, 108, 208, 46, 447, 212, 131, 344, 397, 150, 467, 138, 120, 246, 310, 185, 36, 251, 462, 263, 136, 15, 479, 453, 483, 362, 273, 121, 91, 184, 201], 'features.24': [363, 5, 379, 268, 119, 149, 468, 129, 389, 65, 137, 370, 476, 106, 412, 326, 385, 244, 218, 253, 467], 'features.20': [232, 235, 204, 131, 88, 214, 136, 181, 59, 11, 0, 51, 30, 223, 183, 241, 29, 94, 144, 125, 132, 240, 46, 187, 202, 199], 'features.17': [136, 104, 198, 90, 11, 208, 162, 60, 207, 183, 226, 84, 166, 225, 39, 140, 186, 31, 14, 177, 189, 81, 44, 132, 255, 215, 68, 182, 76, 152, 238, 7, 94, 73, 144, 227, 119, 160, 139, 61, 172, 193, 251, 224, 116, 58, 145, 178, 231, 236, 77, 200, 93, 163, 241, 41, 24, 85, 71, 194, 213, 146, 250, 21, 20, 121, 2, 75, 158, 212, 67, 148, 109, 143, 48, 36, 37, 5, 159, 51, 95, 185, 168, 243, 179, 101, 248, 115, 100, 195, 113, 49, 111, 38, 142, 149, 129, 29, 106, 18, 65, 175, 204, 180, 131, 181, 22, 83, 221, 69], 'features.14': [46, 210, 139, 250, 115, 201, 159, 179, 21, 57, 246, 192, 36, 13, 78, 51, 67, 100, 225, 155, 118, 53, 75, 70, 11, 127, 241, 232, 50, 244, 22, 120, 104, 167, 56, 24, 31, 213, 180, 12, 35, 191, 131, 79, 135, 230, 91, 222, 166, 95, 253, 182, 193, 158, 146, 154, 187, 229, 183, 1, 160, 5, 128, 172, 39, 10, 199, 194, 34, 208, 101, 84, 49, 122, 19, 136, 43, 226, 16, 178, 61, 196, 30, 87, 98, 231, 150, 247, 33, 15, 23, 164, 41, 99, 138, 2, 216, 62, 249, 88, 215, 69, 233, 60, 243, 96, 236, 3, 252, 85, 175, 20, 0, 223, 186, 102, 7, 147, 206, 105, 151, 66, 153, 117, 205, 97, 185, 188, 209, 161, 145, 65, 238, 63, 64, 171, 71, 218, 40, 114, 174, 169, 103, 132, 80, 224, 177, 107, 32, 58, 227, 144, 235, 219, 121, 4, 212, 184, 165, 195], 'features.10': [43, 96, 54, 34, 88, 107, 66, 102, 113, 7, 22, 26, 103, 1, 122, 13, 78, 11, 31, 10, 68, 106, 101, 48, 3, 124, 52, 28, 110, 93, 37, 51, 55, 100, 115, 36, 60, 46, 47, 39, 42, 112, 67, 79, 45, 29, 9, 82, 15, 20, 114, 83, 99, 76, 127, 27, 41, 32, 25, 21, 90, 23, 24, 109, 56, 40, 125, 86, 14, 30, 111, 120, 77, 61, 59, 5, 72, 117, 84, 2, 81, 95, 121, 74, 71, 87, 70, 53, 49, 104, 62, 108, 69, 118, 75, 116, 4, 64, 65, 17, 44, 98, 63, 50, 97, 12, 6, 126, 19, 18, 92, 91, 94, 85, 35, 33, 38, 73], 'features.7': [127, 5, 46, 63, 69, 81, 17, 113, 94, 8, 31, 36, 60, 67, 44, 72, 21, 57, 105, 19, 16, 68, 41, 103, 117, 7, 35, 100, 125, 101, 97, 61, 65, 78, 118, 112, 73, 107, 119, 58, 32, 95, 88, 70, 1, 27, 89, 56, 47, 12, 123, 104, 120, 110, 23, 96, 37, 83, 18, 116, 126, 114, 22, 50, 79, 0, 87, 90, 82, 91, 62, 74, 33, 3, 109, 64, 4, 34, 59, 39, 99, 54, 124, 98, 121], 'features.3': [16, 5, 27, 7, 13, 63, 26, 4, 18, 20, 39, 41, 35, 8, 22, 59, 60, 14, 62, 24, 11, 25, 51, 23, 53, 56, 31, 58, 38, 29, 54, 10, 32, 42, 3, 1, 33, 48, 19, 45, 15, 40, 37, 6, 47, 9, 49, 21, 28, 2], 'features.0': [28, 18, 15, 23, 12, 48, 41, 30, 38, 33, 63, 27, 16], 'y': [208]}]
Saved heatmap grid as final_image_heat_map.jpg
------------------------------------------end--------------------------------------------
----------------------------------4---------------------------------------------------
-------------------------------------------------------------------------------------
